94,42
94,41
94,40
94,39
94,38
25,7
25,6
25,5
25,4
0,515
0,445
0,443
0,442
94,37
94,36
94,35
25,1
25,3
24,1
24,3
3,1
3,3
10,220
10,247
10,207
10,284
10,190
10,230
10,91
10,118
10,2
10,3
11,16
11,26
11,25
11,8
11,17
11,7
9,6
9,4
9,2
9,3
8,11
8,16
8,17
8,4
8,12
8,2
8,3
0,433
57,8
57,3
57,1
56,8
56,3
56,1
55,3
55,1
54,3
54,1
53,3
53,1
52,8
52,3
52,1
51,8
51,3
51,1
50,8
50,3
50,1
49,8
49,3
49,1
48,3
48,1
47,3
47,1
46,9
46,3
46,1
45,8
45,5
45,3
45,1
44,3
44,1
43,4
43,3
20,2
43,1
20,1
42,3
20,3
42,1
41,4
41,3
41,1
40,3
40,1
39,3
39,1
38,3
38,1
37,3
37,1
36,3
36,1
35,11
35,10
35,9
35,8
35,7
35,6
35,3
35,1
34,3
34,1
33,3
33,1
32,3
32,1
31,3
31,1
30,4
30,3
30,1
29,3
29,1
28,7
28,6
28,3
28,1
27,3
27,1
26,14
26,13
26,12
26,11
26,10
26,9
26,8
26,7
26,5
26,4
26,3
26,1
